3
7
9
11
13
19
25
31
43
49
61
73
103
109
139
151
169
181
193
199
229
241
271
283
313
349
361
421
433
463
523
571
601
619
643
661
811
823
829
841
859
883
1021
1033
1051
1063
1093
1153
1231
1279
1291
1303
1321
1369
1429
1453
1483
1489
1609
1621
1669
1699
1723
1789
1849
1873
1879
1933
1951
1999
2029
2083
2089
2113
2131
2143
2209
2239
2269
2311
2341
2383
2551
2593
2659
2689
2713
2731
2791
2803
2971
3001
3121
3169
3253
3259
3301
3331
3361
3373
3391
3463
3469
3529
3541
3559
3583
3673
3721
3769
3823
3853
3919
3931
4003
4021
4051
4093
4129
4159
4219
4231
4243
4261
4273
4339
4423
4483
4519
4549
4639
4651
4723
4789
4801
4933
4969
5011
5023
5041
5101
5233
5281
5419
5443
5479
5503
5521
5641
5653
5659
5743
5851
5869
5881
6091
6133
6199
6271
6301
6361
6451
6553
6571
6661
6691
6703
6763
6781
6793
6829
6871
6949
6961
7129
7213
7309
7333
7351
7459
7489
7549
7561
7591
7759
7879
7921
7951
8011
8089
8221
8233
8293
8389
8431
8539
8599
8629
8821
8839
8863
8971
9001
9013
9043
9241
9283
9343
9421
9433
9439
9463
9631
9679
9721
9769
9859
9931
10009
10039
10069
10093
10141
10273
10303
10333
10429
10459
10501
10531
10609
10711
10861
10891
10939
11059
11071
11119
11161
11173
11353
11449
11491
11551
11701
11719
11779
11833
11941
11971
12043
12073
12109
12163
12241
12253
12379
12541
12613
12823
12919
13003
13009
13219
13339
13399
13681
13693
13711
13723
13759
13831
13879
13903
13933
13999
14011
14083
14251
14323
14389
14449
14551
14563
14593
14629
14869
15139
15271
15289
15331
15361
15583
15643
15649
15733
15739
15889
15973
16063
16069
16129
16141
16189
16231
16363
16453
16633
16651
16693
16831
16903
16981
17029
17161
17191
17209
17293
17389
17419
17491
17581
17599
17659
17683
17749
17791
17839
17911
17923
17959
17989
18043
18049
18061
18121
18133
18253
18289
18313
18523
18541
18913
18919
19081
19141
19183
19213
19321
19381
19423
19429
19471
19543
19699
19753
19843
19891
19963
19993
20023
20149
20233
20359
20443
20479
20509
20551
20641
20719
20749
20773
20809
20899
20983
21013
21019
21061
21193
21319
21379
21493
21523
21559
21589
21601
21613
21649
21739
21841
22039
22093
22111
22159
22273
22279
22369
22483
22543
22573
22621
22639
22699
22741
22861
22963
23029
23041
23059
23203
23293
23371
23539
23563
23629
23671
23689
23743
23833
23911
24109
24181
24373
24421
24919
24979
25033
25171
25303
25309
25411
25471
25579
25603
25801
25849
25933
25999
26113
26251
26263
26683
26701
26713
26731
26863
26881
26893
26953
27061
27109
27241
27283
27409
27481
27529
27541
27583
27691
27739
27751
27793
27919
27943
28099
28111
28183
28279
28309
28351
28411
28549
28573
28621
28663
28753
29023
29131
29209
29389
29401
29569
29671
29761
29881
29929
30013
30091
30139
30271
30391
30469
30493
30559
30841
30853
30871
31081
31123
31153
31183
31249
31321
31393
31513
31543
31723
31729
31771
31849
32029
32059
32119
32143
32191
32299
32323
32371
32413
32443
32533
32563
32611
32719
32803
32833
32911
32941
32971
33073
33151
33181
33289
33331
33349
33589
33601
33619
33751
33769
33811
33829
34033
34129
34159
34213
34261
34303
34369
34471
34501
34513
34591
34651
34759
34843
34849
34963
35053
35083
35281
35449
35509
35533
35593
35731
35803
35839
35899
36013
36109
36343
36469
36481
36529
36781
36793
36901
36931
37021
37201
37309
37339
37363
37549
37573
37591
37693
37783
37813
37993
38239
38329
38449
38461
38569
38611
38653
38671
38713
38749
38923
39043
39163
39229
39241
39343
39373
39511
39829
39841